<?xml version="1.0"?>
<opencv_storage>
<D1 type_id="opencv-matrix">
  <rows>1</rows>
  <cols>5</cols>
  <dt>d</dt>
  <data>
    -5.9126139926861040e-002 -2.2037476147366482e+000 0. 0.
    2.8974052857717940e+001</data></D1>
</opencv_storage>
