<?xml version="1.0"?>
<opencv_storage>
<D2 type_id="opencv-matrix">
  <rows>1</rows>
  <cols>5</cols>
  <dt>d</dt>
  <data>
    -2.0987524784557166e-001 7.0057283856061376e+000 0. 0.
    -5.7788426620204589e+001</data></D2>
</opencv_storage>
