<?xml version="1.0"?>
<opencv_storage>
<M1 type_id="opencv-matrix">
  <rows>3</rows>
  <cols>3</cols>
  <dt>d</dt>
  <data>
    1.1792521637982836e+003 0. 3.0049475669648632e+002 0.
    1.1792521637982836e+003 2.7423280300243528e+002 0. 0. 1.</data></M1>
</opencv_storage>
