<?xml version="1.0"?>
<opencv_storage>
<M2 type_id="opencv-matrix">
  <rows>3</rows>
  <cols>3</cols>
  <dt>d</dt>
  <data>
    1.1792521637982836e+003 0. 3.0017846717771488e+002 0.
    1.1792521637982836e+003 2.7473919806946225e+002 0. 0. 1.</data></M2>
</opencv_storage>
