<?xml version="1.0"?>
<opencv_storage>
<P2 type_id="opencv-matrix">
  <rows>3</rows>
  <cols>4</cols>
  <dt>d</dt>
  <data>
    1.1507764563235289e+003 0. 1.7446259307861328e+002
    -1.6302473471801623e+004 0. 1.1507764563235289e+003
    2.7590670967102051e+002 0. 0. 0. 1. 0.</data></P2>
</opencv_storage>
