<?xml version="1.0"?>
<opencv_storage>
<Q type_id="opencv-matrix">
  <rows>4</rows>
  <cols>4</cols>
  <dt>d</dt>
  <data>
    1. 0. 0. -2.7505270767211914e+002 0. 1. 0. -2.7590670967102051e+002
    0. 0. 0. 1.1507764563235289e+003 0. 0. 7.0589070935402912e-002
    -7.1005627344412927e+000</data></Q>
</opencv_storage>
