<?xml version="1.0"?>
<opencv_storage>
<R1 type_id="opencv-matrix">
  <rows>3</rows>
  <cols>3</cols>
  <dt>d</dt>
  <data>
    9.9926668042982270e-001 -3.1790610047679552e-002
    2.1341473603270170e-002 3.1645368090229074e-002
    9.9947387606727611e-001 7.1092712347323077e-003
    -2.1556253412794456e-002 -6.4286990792427881e-003
    9.9974696787084671e-001</data></R1>
</opencv_storage>
