<?xml version="1.0"?>
<opencv_storage>
<R2 type_id="opencv-matrix">
  <rows>3</rows>
  <cols>3</cols>
  <dt>d</dt>
  <data>
    9.9521717372829077e-001 -3.3639944294533229e-002
    9.1712219819029106e-002 3.4260827730991879e-002
    9.9939937925362998e-001 -5.2035017676822530e-003
    -9.1482090047508818e-002 8.3207508867695103e-003
    9.9577195798296092e-001</data></R2>
</opencv_storage>
